  -1.8326559005925833       -4.4514971862061277       -2.0992948253812345     
  -2.5841224925938944       -3.3325509931235016        1.7432438302556210     
   4.7590804024564086       -4.4135012904777247       -1.2697157818597116     
  -5.7014385952029034        3.5134423991553296        5.4180849475411241     
   3.5465338293212292        4.1000572448155861        3.4112882289389588     
   3.7565090683806353       -1.5144522959315549       0.94431137014512834     
  -2.7718368779159399       0.82667957299477202       -4.2020724994686489     
  -3.2697236230224456       -1.6935605467355583       -1.4175816376953225     
   2.9713932667973983       -8.0999447752099538        3.9762879541200533     
   4.6729793406402207       -2.9243932019471832        5.9512883371636391     
   3.6177626229654321       -4.2356256963488832        2.6161486842706925     
   2.1136904765936539        5.7799557927831424       -2.4149548359848869     
  -6.9862216602701004       -1.4125747784057487        4.5597366783077282     
   1.0140759125976158        9.5392409872021897        1.0511792720455089     
  0.71194432933596874        6.3190843089213393       0.96149398893854476     
   5.8784690160601212        4.3923101876689135       0.65912960432710865     
   2.5036243811684820        4.2029140376735707        3.2837149002666224     
  0.45047949519055297        3.7154001084767039        2.7604148233469692     
 -0.90053098754102545       -3.7304568573309225      -0.71269261717273436     
 -0.31410211104246866       0.14845537962909069        5.5753419591874698     
  0.60061542510905985       -3.5955045152332472       0.43373830626957172     
   4.4157384735364911        3.7855786945365364        3.5797582109697959     
  -3.2311769344465420        1.6164649055410427        4.8087696599911709     
  -5.4116214192479104        3.8471910497263444E-003  0.68870662321422116     
  -8.3165599759400255        4.9051521381094902      -0.22042621902270615     
  -2.2427859562343695        1.8790865680494928        6.5525729148963920     
   4.5627736853546335       -3.5633062826018267        5.2986909297908413     
   1.1951738726407295       -1.3340300115785579       -3.0423958547704970     
  -1.0606892643714656      -0.79758223100870762       -4.2780751591438468     
  -5.7753055198393906        7.3054296711649700        2.0459622085659710     
  -2.5226961996286756      -0.88951935176429153       0.82160226319606156     
   3.5672743697723415        4.3977312284848766        1.1903415202005840     
   4.1167243874470048       0.61811667745447052        4.8225209566125224     
  0.35965423000139418      -0.15827601533280325       -5.1397252150799844     
   3.2898412576053597       -11.390354292136127       -6.5055505735988106     
   7.1414540967440177        4.5672246386866471        6.1555982161792651     
   2.5612148043616147      -0.24584658689848687       -2.7065859434209512     
  -2.3264587511899095        5.1389436322859163       -2.2456655296915620     
  0.62398916360459300       -5.7597769213464591        3.8181417817590311     
  -7.5097997827574750        1.0461221516248502      -0.82241392718605599     
 -0.19348424497853217      -0.28972643015109006        1.0858343057318809     
 -0.73519467339699884      -0.32953806492411392       0.18570478336584673     
  -5.8175624406383095       0.17991309624741036       -7.2035205304777463     
 -0.88240599753364302        1.8404317861550283       0.41311439575585013     
   6.7772611091665178        2.7565593299299436       -1.2173939211749609     
 -0.93374968957689808       0.13136823570130188        3.2467190935396930     
  -2.7979283334129903        2.4484492823710298       0.24272829526313836     
  -1.0025569554404188       -1.1771972299186870        4.4290040431864602E-002
  -5.0889012344019440       -7.5878733533626628       -3.3261112063244260     
   1.7996845814965714        2.0839338363830118        7.4893791528198941     
   1.1597566720528243        3.2852096828443007       -2.6355159445037049     
  -3.1420715039619052       -3.9750115072916756       -3.3759761691799213     
  -1.1255896460799881       -7.4119864668137252        1.6569900156825277     
  -1.1850183471852036       0.42151729562067636        6.6173308202509000     
  -3.3352865329375576       -1.2932820700503345        3.1457903513557262     
   1.1936406071860122        1.5862475578251169       -8.4129451315265662     
  0.40546949546281702       -7.9737405828031207       -1.4638494486297462     
  -2.9740334906406414       -3.7678616597270955       0.85595300892337589     
   1.4349710453014999       -1.2170138531167503        5.4092480479981404     
  -1.1458837664984580       -5.1447118812117063       -3.9483417882664975     
  -3.5240092114999224      -0.32546648709957970       -3.0714727274342564     
 -0.82452864357553590        3.5031432743306881       -6.2624331642614086     
 -0.58534253441253614       0.66207547515703868       0.65293695474719515     
  -2.9586840273527528       -2.1763698382761496        6.3796788339647970     
   6.9804447021467109        2.4951213152224230       0.25116119738741566     
   1.7768793738260988       -1.2761320246400067       -4.4015500080673826     
  -1.7323367862208845        2.4678330719986143        2.4595969992016671     
  -2.3921513975302866       -7.1830160992310397       -1.8697864012125562     
   4.0000560418996924        4.7681674245931749       0.36519798086452654     
   3.0465913449606101       -2.0298090379502405       -2.3581187169943161     
   1.6534860028762974       -3.8730866800434729       -6.5288736809550079     
   2.0143387240181752       -6.3843363890293432       -6.5119558736087241E-002
   3.6819218394510886       -3.1923936532906323        5.9110500281491980     
  0.13095033995803221       -4.3525071296144340        2.7738370144390330     
  -3.8568142535714114       -5.7068715929974072        10.291022312327732     
  -2.4250784877320566       -1.9629721679939114        1.0377935180789064     
  0.37758242322117802      -0.96928505529298037       -3.2359303994963406     
  -4.5535694672063558       -3.8730007410010714       0.95735238224811881     
  -2.9388088109021715       0.60033910980135752        1.5347211686628741     
  0.28801943199774316       -2.7019169917359722        1.9634671947655593     
  0.86116972848681195       -4.0891154335852189       -1.0144056590032806     
   4.6737888449840073       -3.9028778816431213        2.8395239711520612     
 -0.49708462635505246        1.2535990054351351        1.9601176139344061     
  0.12048770096105223       0.88068765830694673       -5.6362298320900082E-002
  -1.7815176551753040       0.52340862203606509       -3.8505670179833067     
   5.1404152036160999        6.5489045570378233       -1.0829741016454104     
  -4.0212269306617374        3.3057394100266144        5.3835160220971199     
   3.6542792473248307        1.6057071265539125       0.55984231748783331     
  -3.9524671189105076       0.92126556470241916        2.3757587297907361     
 -0.24322976580157860        7.0903977375609326      -0.49812757914740435     
  0.74358941372372722       -1.9928578010934153       -2.5468658200606273     
   2.9448327345116114       0.47744264351564192        1.3618346685786413     
   5.4837097323312246E-002  0.71975964309761264        1.4251078765345269     
  -4.9696413302480886        4.1883104841432548       -1.8020734511673049     
  -3.6832350379399998       0.32134317313135391        3.0872734158448321     
  -7.8437239048681597       -4.6780258731493252        4.8365332123436087     
  -2.5853755041746775       -6.0257633733403049        7.0287041218161237     
  -1.9851493039982566       -1.1034452534426682        4.2178578266887046     
 -0.53899206611160788        4.9019997898968750       -4.9732239755738243     
   2.9910515248268990        5.7744812132149921       -1.8483281542839052     
 -0.22013866738204643        2.0476078557794657        1.2774081152084615     
  -3.5375022267743095       -2.4829615197350030        2.3919793892494488     
 -0.57331871474737683       -1.1625564534273043       -5.0928707790063337     
   1.9034348200569580        4.5845829909916057E-002  -1.4020687774076501     
   1.2325219409016963       -2.9280343280995216        2.3195179198770468     
 -0.59775740631529384       -2.9770567606547940        2.4744332924639809     
   1.9127571231385279       0.97580323388709478        5.7267517644651278     
 -0.89918238098490422       -3.7589490648620556       -1.8045503274306784     
  -1.6895803696195748      -0.24302902869764331        3.8027961131539003     
   5.5131418819404896       0.31217926715598787       0.71132455595343391     
  -2.9107201355315468        3.4513338277894836        4.4579723720051998     
  -4.3327645284336747       -5.5325236056019698        5.4420935430131561     
   1.8053547633041485       -4.4606167214925714        1.5136993037487374     
  -5.0078110967530716       -3.0921063300696527        7.8858634834654939     
   1.2159065344232847       -6.4537176477129954       -1.7919224404353276     
   6.2758484388225400        1.2938045380100662       -1.7202924945652120     
   5.0092576309649566        3.1555005848466915       0.52570926432277432     
   4.2878637394540595       -1.2662426179513435        1.6660986499994190     
  -4.9245361994773855      -0.76858912386756284       0.46271420954796294     
  -7.9261407347995192      -0.49450604557276412        6.1454601422448958     
  0.36024957879487329        1.5366096183442799        6.2980257712063104     
   6.3468556919455894       -1.2013691826683603       -1.5597687800119504     
  -1.9417871860637528       -11.846331462227688       -6.5318547512206280     
   5.8273707965849511       -3.7696477704871736        2.1557775581062208     
  -6.0244270822048742        1.9578777951587596        3.0022809176481138     
   2.9131481016584946       -3.2812583865771816       -5.3498017221732601     
   5.7313971545458848        1.0739063608654189        2.5162041690666896     
  -2.1150740994672872        1.4297577273542783       -3.6665702331275902     
   1.3246855187817304       -3.1347160649169608        3.4340155123297857     
  -4.1705115935309953        1.9011041354341562        6.0736675040908961E-002
   3.4394709070864073       -7.8954083598674103      -0.88246849047343656     
   5.4188336605925667        3.7099519079306762        8.2253385893783140     
   2.7426397076624749       -1.3710760061371821       0.81086031820568871     
   2.7999426001420069       -2.6245754010943450       0.39755053765480886     
  -1.0333286464731120       0.12651947206836070       -2.6670846378707691     
  -2.5495138177835401      -0.35117955316851968       -2.7627466995282832     
   4.2995259112159234E-002 -0.92909948811244647       0.35123327971111273     
   2.6934597946958228        1.3307742386076762       0.95856840770956897     
  -2.0984971388085909       -2.1404814068000495       -5.0928369138093199     
  -9.7626791914742037E-002   3.3354117138766406        1.9872141794089289     
  -3.0234961817434400       -7.5366717219320423       -4.5461422585994171     
 -0.72487637238016356      -0.77969848261732766       -3.3601880509069582     
   1.5584570323390929      -0.82386633824680855      -0.60460572198060725     
   5.3633012854321462        1.1463532578156201       0.10460373382555183     
  -2.4852335135241472        1.3788274175773580        1.0484419673482643     
   2.4081312047085035       0.69582976231512705        4.9234209906102882     
  -4.9910574783860477        3.2924186871751484       -3.2688168460257070     
  -2.6149452364712591       -4.6649260720272911        2.2801408578978228     
  0.91059806549038314        4.2693885001546459       0.96203685012881757     
  -3.5476100293536459       -8.7635683236841330E-002 -0.26737330733105630     
   5.0857049556649478       0.41540243724218584        4.5463419162009728     
   7.7822105527904584E-002   2.1926456679248365       -3.3590588963700712     
  0.22408744804767866        4.7592511271253981       -4.2423765631555970     
 -0.59193683627984750       -1.8477445375778578        3.9232497982891608     
   6.9742578155723214       -2.8724998563828201       0.69248027142308044     
   5.0584533505618587       -1.0824954674737461        5.2105488338777093     
  0.35757210524147315        1.5499098052254050       0.60765331650203858     
   1.4845167705031028       0.89093202744921574        4.2289734381587945     
  -1.5766606527783422       -5.7628717335210764        5.9687637426107312     
  0.12837216020555042       -5.3652212340161816        2.6860316275624285     
   2.3592502234595103       0.71803481548108650        3.8951229327618515     
   4.1106024943643265        2.5222250286123860        4.9000152688657161     
  -4.0134686177534276        4.4924562630928975       -8.4693060161407807     
   5.0819813094278263       0.83380713609032620       -5.3749276335801071     
   3.1073995903819513       -4.6282513464234656        5.1240786444466373     
  -1.7019863809906124       -1.5136425078908493       0.58328084448508122     
   8.3629943362944186        1.9782980852100478       -3.0426416034737924     
  -2.8324763537805704      -0.14275264870355703       -1.0777180203308259     
  -2.2538109472571319       -1.9052439020391227       -1.2475279189433683     
   3.2562476550764503E-002  -3.7828462152337878      -0.44919294986386810     
  -2.0910461370419204        4.4772852039683642       0.11023594881889777     
   4.2180797712943159       -2.1770083912890685       -3.6160258933154608     
   2.1485848240830063        1.2755005715667351       -4.0766825077088553     
  0.35817060633291065        2.1143312511863090       -1.6173817402988211     
 -0.50975170674415649       -7.1263974644783641       -4.7168727686397354     
   2.0230392931316228        3.3219514223705047       -2.1848158256348094     
  -6.4228633593276179       -2.7657410610331521       -6.5748642523075385E-002
  -1.4382621195050780       -1.5281020173476105       -3.6339180217677858     
   2.7151923086348164       -4.1748443822720516        2.2546585000151111     
   1.8264430663672664       -5.3849853701810826        4.6980152665802022     
   3.0006227779717292        7.4893382270550708        5.8700061294574448     
   2.8184183959868987       -3.6798531229384395      -0.10126391473211127     
   1.1900414751795785       -1.2294834539913415       0.34256918276108567     
  0.64400002109603904       0.37377917920011722        4.5144559943523843     
 -0.35073719312734081       0.66000968077916511       -2.3201859461041661     
  -3.6028404742235232        8.9477283722874095        2.1511837241136931     
 -0.45101930509449972        1.5785185827215549       -2.7044159280960214     
  -1.1522050868088107       -4.0012686276057918        4.1078949560892291     
   3.0096533940404320       -2.0222060016990859        3.6945199149554586     
   7.5498066749821806        1.4773136698345153        1.6368472215734879     
  0.34247705640814047       -1.5683096050366618       -7.3504895431524924     
   6.2864522390597823       -1.7052211478332355       -5.9179616228303136     
  0.85730212139125372       -1.9500180939702365       -8.5910312047255211     
   1.1480938296688137       -2.7242578402166928       -1.0252729401980658     
  -1.3016170435507828       -1.9145608141270394       -1.7942049181636430     
  -1.9400082775962877      -0.83236285702690616       -4.6842560518350451     
  -1.2728121474634571        1.0106918551074640       -3.1880627921770182     
  -1.0646473764176390       -2.2803040601456859        3.0085994566209195     
   3.4880385928542426        1.3350364429589641       -5.5649086382644048     
   1.1040788923512952       0.16774656629834866        3.5296181979986470     
   4.3871605137682783        1.1053200377541537        5.9963757205943375     
 -0.47247220027172437       -2.3501347849544292       -2.0933304756589561     
  0.26430377600404931        2.5125670985118826E-002  0.31624066035707565     
  0.41633518721330259        4.0779743998875793        5.2847718440096259     
   6.0026402349016053       -4.9373766364625444       -4.9355240830022744     
   2.8414802599780273        1.5509701172268822        4.4916515280963560     
  -5.7523008487954943        2.8351280181605514        3.2330348671523064     
   5.6963205814089353       -1.6421656851423199        2.3460518771281968     
  -4.0310679140658081       -3.2597913295794334        4.1261688913118650     
  -2.5859253824822543      -0.18821477788407950        3.2520781371595735     
   5.7994066239862754      -0.35972926839692909       -1.8699183792324678     
   2.1959844183087252       -1.7483493038595701       -1.4237130070780462     
   3.1847387509208342        4.2857360568831577      -0.44201012052511202     
   7.3182829600948702        1.0262626394817009       -1.6664529416556886     
   1.4577242799630505        4.7626442137169898        3.7940363584373227     
   2.5389069027841620       -2.3684430740727427        1.3091369789755154     
  -8.0000157417587605        2.6509398484970630        1.2236355452300756     
   7.6553739511638961      -0.67474056053271936      -0.40749076136363965     
  -8.4768395832733301       -2.0850464947620679       -2.7438099277748251     
   3.0019687914865920        2.2360736602377251        3.1619656965627456     
   1.6173299240802745      -0.16000903936243260       -2.3965316510759025     
   4.3430803507874822       -6.3847389897806508        3.7228490491555499     
 -0.47618893254212619      -0.55853000360960170       -2.4018195876012984     
  0.12697369204708206        5.6987701608949832        1.2851919045974778     
  -4.9486829519302180        2.9616202555281506       -1.3121758429080346     
 -0.27866318059478501        3.1983946481169769        4.3671161115242105     
   5.7559780242462706       0.39218367296838508        5.7019372482544055     
  -1.8329365831654361        1.9539559180234616       -5.4581448290718999     
  -1.5547251870671457        5.6254772304503113        6.0825813828504867     
  0.64348859288358984      -0.72868729062116833        4.6862570822089440     
   1.0495446533100072      -0.26923151172954085        5.7116435580343099     
 -0.86057704124315260       -5.0844013113065740       -1.0449990271835823     
 -0.44293088896032845       -1.5425237758141392       -4.0367230336848499     
   1.6178442682715766       -1.9880611285956775        4.7953672409198971     
   1.4389941863734272        1.6576889101926080        1.3495009856157323     
   3.7842982590263121       -1.1930901131288743        7.7998882844573125E-002
  -6.6677342841620204       0.39720585000486019        2.7469256136977838     
  -2.5941403296480634      -0.49515627209066276      -0.23597618552145946     
  0.30567300676179032        5.8574033607257698        2.2406894445411338     
  -2.3504097099470789       -1.1951373923495257        3.2719662704472641     
   3.0050968077663796       -5.6403435584195409E-002   2.1913615786786260     
   1.0532870036722359        5.1078575147179750       -4.9086275342760119     
  -2.4286545786231248       0.14307204406802973       -4.7778811495333775     
  0.78294984736394824       -4.7044849422778894        2.1461272769318653     
   1.1388413701729458        1.1170928929075474       -3.9356960080915125E-002
  -2.8200668858997702       -1.8475364688033953        2.4935101827101218     
  -2.3186058926923669        1.2254992270788776       -2.5805763982866967     
   2.5023864275254626        4.3158986426311863        2.2130917001779129     
  0.85712995597937081       0.67395223147070160       0.91819443781189758     
  -1.7725833815212189       -4.9980540438230685        3.9797505320668458     
  0.48763582670716726       -1.8759328639459818       0.57589822854226824     
  -1.4234296908044595       -2.7166038340238252       -4.8641015843690782     
 -0.72736980725357070        3.0008167634971734        9.9350441055820955     
  -4.5464793701968995      -0.48393167938898107        1.4044952786807938     
 -0.99497429701056583        2.7525652240016951       -6.7554934441806713     
   2.5749642297515174        1.2257435013834692      -0.54622732487942582     
 -0.68265664402633153        3.9253144025375701       -5.4538500305435074     
   1.6404960106887323       -4.1359555100000653        6.5908570381864235     
   1.7146653805427869      -0.19853180956652275        2.6463267867327702     
  -9.8346041246098387E-002   3.0609629597377150        1.0887905421097255     
  -1.4465722351158179      -0.63122299636374635       0.78588126290477445     
   1.7746956786675463       0.72206801791093655        8.3822180934488930     
  -2.3790200859639992       -3.0479152675478205       0.82723709991520300     
  -4.2237866462868947       -1.7647614537957617       -4.2671617096667775     
   1.1972083329318008      -0.83100524243342078        1.9851652344470407     
  -1.9436816613037697        4.2135924235202245       -2.0692895305568015     
  -2.3319370449914341       -2.8026484213737044       -4.4269869290920347     
   2.5342970985070576      -0.51117595523946036      -0.39481804654393959     
   5.4872796576501246       -3.2227428498537676        2.9737413578096423     
   2.1395864583224342       -1.6385482035501955        3.5419643588900618     
   1.3322711343644484        5.0582302159283419      -0.27670039924220408     
  -3.5253388051248367       -4.8384050052589513        4.1192039666916775     
   3.8077269183353835       -4.0990135042404363       -1.2252433248987475     
  -5.6587014835292520       -2.8213565318471163        4.5354916684788575     
  -4.5155947382074331      -0.68818820184697993        2.7706144838546165     
  0.91849750424647070      -0.73686036809269995       -4.0343839220745581     
  -8.6752991865944651       -4.1685797621603751      -0.40631566396720958     
  -3.6776830661250215       0.53856199659520620        4.3649703207635149     
  -2.1379816108173846      -0.12053016949507883        1.3861945929064230     
   1.9585704872459255        3.7887711191685018        6.1963452885416128     
   2.2724531258650380       -2.5482256458600028       -2.8583899382244442     
   3.5163815684768176        1.1222740453108317      -0.45827763900303609     
   2.6808764770806386       -4.7802156702360215        1.3410690947934241     
   1.9153126597397157        2.4238201975949716        2.6118158926513622     
  -1.4552196118494318        1.5254228061077857       -2.3267488948481403     
   9.4186270302851032       -6.6407105123567955        2.9572356001823268     
  -5.0089510957490484       -3.5245931987001846        1.7564946562198980     
   1.6365461769328777        4.4826212607923717        1.6076419576250609     
 -0.56524246929320765       -1.7643834956253646      -0.79104495646222850     
  0.76364006282591157       0.71586912010370751      -0.86059185461911458     
   3.2249401221469149       -1.0442569434753495       -5.0140568859659824     
   4.7631471749818228       -4.1732374131462979        1.5541403217185454     
  -6.5970074050856322       -3.8965632617432258       -1.8395549425507280     
   2.6768134464348510        8.5928655097060672E-002  0.49222350399411358     
  -4.7063740535602685        1.7880570313915050       -3.2195061852206721     
  -3.1551618559744825       -1.6197391911856374       -2.8738448102570748     
  -2.5793692710599583       0.16470407228870104        7.6100446004448692     
   5.8959432129316900       -1.2149906452542143       -2.5334484040148273     
  -2.5229755133191825       -4.7139508224835973       -3.7940500147982101     
   4.8910640033803405        2.9805259176788153        3.9206538070571844     
  -4.7782487741137727       -2.3171461854240865      -0.66819400665741968     
   1.1668389837616995       0.98672445158290201       -11.132175638296660     
  -7.4178775508618768       -2.1120246454502372       0.24076996264106051     
  -3.2865551121796947E-002 -0.52820386997603297        2.9951998277191563     
  -4.3705867601020953       -4.4331944040259508        4.1897286234355713     
   2.3048852427560158       -1.3994879290857176      -0.20271225735215945     
   4.3590808302230126        3.2395160358776569      -0.37762256633230046     
   5.5712720182274316       -2.5811108726727388        5.9159157410457119     
  -1.5224873443832359       -6.9201102103600869       -4.6591051128454062     
   6.8893428878212930       0.15672493499502893       -3.2708855946317068     
  -1.6439142531962285        6.5799077430232558      -0.13714706622951045     
   2.3711206238392082       -7.7916828926531361       -1.2492329102269173     
  -1.5386534447821680        3.7204900320055088       -3.2596697127111891E-002
   4.1843979155618722       -1.0118142088738289       -2.0712397503634796     
  -3.9853049136967713       -1.7336443276569053        6.1682691009529274     
  -3.4095592184525780      -0.48060975303555842       0.67830446783587128     
  -3.5577270771048739       0.62565985063296381       -6.4062229592720490     
  -2.2418938779855297       -1.6335932721253832      -0.19898347365079108     
   2.9713963907224392        3.6441642975364572        2.7108443741857235     
  -4.8900882741814868        1.9555887381129509      -0.91550467305189465     
  -5.2751069789675915        4.6884403415412930        2.7842516612927057     
  -3.3303728228585356        2.9568695828007407        1.7047419659280545     
   5.3925395525038375       -1.3030826614595821        1.4839866094715286     
   4.1421217114251894        2.2173791181606490        1.2711524007160355     
  -4.1094502361002521       -4.5041977728974452      -0.87708085164678751     
 -0.54087873381705831       -2.9733241288586556      -0.19501730292820696     
   3.8502140935041469      -0.34956148695848821        1.5691358949151459     
  -3.0939411822131513        3.6644496286101575        2.6759774974675596     
 -0.92081223245036559       0.45430628401068346       -5.5060480480571758     
   1.1261719065306857        3.4213780695839922        1.3047869241428349     
   4.3852020871040320       -8.0446715315223862      -0.99321686036186085     
  -2.8491468048386053        4.4956812776793935        5.2953893596458972     
  -5.4723893059967121        4.0141965549362055        6.9832782468733958     
   3.5858397613827693        1.7310103621132007        5.8242090578819496     
   1.9986213047634782        3.4952436578038690        2.7029997799257939     
  -1.1314088944185470        1.2855994822678571        1.1064500517833056     
   4.3697575131135702       -5.5957376301565960        1.9960577310541192     
   2.0002838912548602        5.0042674886046248       -6.4993855051102685     
  -2.1928072231861311        1.6483185365045738        5.3887412329941036     
   3.7082876119217194        3.8569730479843596       0.25217496093983943     
  0.85450987507957543       -1.6372113040004781        3.1041248905076628     
   1.4092429578406391       -1.5523128348452842        8.1756743771745146     
  -7.5362324536967744        1.0130196124435296       -3.8204833741322393     
