   4.0588752709340321        2.5219363135158863        3.3477382765365391     
  -4.0279659359829552        2.0853342282207930       0.13982510966709966     
   4.6249909547245265        3.8878434592370681       -4.9851324757604232     
  -1.1659803819527981        7.4036963782103518E-002 -0.28611413384360401     
   4.7976861976497052        1.1130556239682841       -4.3890522414111404     
  0.70002656989403733        1.1752030256115606        1.3648420131224219     
  -3.7872002416857975      -0.61869744195179011       -4.0862979394980101     
  -3.3644283359468892       -3.0332796587915825       -2.6572020203267970     
  -3.3398443693804811       -4.5138356333816123       0.84606511460809120     
   1.8983818323872488       0.60028604138353281        3.4610850144461280     
   4.5339751842451648       0.87783978777077665        6.6573870378195661     
   5.4207462170207066        5.1433676048502468       -1.7042443634717508     
  -2.8416531687353674      -0.11133129996622095        1.1511587762914508     
   1.1210908578508705      -0.71413107707832812       -2.4854456467818413     
  -8.4229563927530449E-002  -2.1442878287605707      -0.57296969699818967     
  -1.6004758235045309        4.7060175105360740      -0.84542985894289779     
  0.90580898328356041       -1.7799967468651254        1.8284086069178700     
  0.96702524971585768       0.51933899063495637        5.1196918722157347     
  -1.3313715832835020      -0.99615016995338690       -3.2934925529263128     
  -2.4360521548639760       -1.9631739074661312        5.6956849276059334     
   2.5872791452310882      -0.66529612390690074       0.47451727716191233     
   4.6326745562088618        4.7524891366066253        8.7042341762306012     
   2.4039155448035960        3.5446673576682746        2.0959482068309838     
  -7.9365737794792350       -8.1795924915231915       0.70493453014079022     
  -7.2793189792488304        1.4963732511314738        2.6947678211285848     
  -5.1731211176999157       -1.8034289752910888        2.0402493245562647     
   1.9273558391210150        2.4452798356592509        11.005502359384550     
   2.3419935455187089       -4.5761392737982280       -5.0845200188112907     
 -0.43728361019371037       -2.4226061647744537       -4.1980895199530002     
  -5.7008222577410645        2.6311387956495227        5.1738402390790057     
 -0.93984810976907252      -0.34225404445005969        2.1646639310781910     
   2.7248424128614639        5.3122214857389505        3.1309159809974276     
  -2.6964599161341978        5.9917947715288200        1.7946409922255444     
   1.7837320800521392       -1.4486346706303728        3.2597867137849783     
  -1.7478932351200160       -8.5110993806745157       -5.1541670687768351     
   3.5784987486100839        3.4794453614219845        5.9750290040767027     
  -5.5188618314557107       -4.0271432605841317        2.5102436301876296     
  -2.3147982086234618       -2.8411762928707400        4.3628319390257753     
   1.3600909086545434       0.38646850824438755        2.7368058656074399     
 -0.74083468600327262        4.8315469732316210       -6.7447812119681414     
  -7.7294113817548622        4.1746331239723604      -0.63740460204793259     
   4.4925564378526479       -3.2427308683091036        3.3448100885023195     
  -4.5147189194393524      -0.49026428820957707       -1.4062838236224020     
   6.7062719104584376       -1.2117932517238923       -6.9452184317087093     
 -0.22089196746015424        4.5906986900252509       -2.2490708441073592     
   5.4447459981415118        6.0982676974397680        4.6824290757553522     
  0.55875212731908375       -3.1943336743399935       -3.5758495181061574     
  0.72016824431227822       -2.7232754170037001        2.0747313154820093     
  -5.2728247301845501        1.0922774747446213       -1.5541477634161722     
   2.9903103801141095       -1.2579209890804481        5.8915544007564273     
   2.8921446745906874       0.99778483272885088        1.3944688362465065     
   1.9644261661646087       -7.0403363747151646        2.0789918496731290     
  -7.9921273768222383       -7.9651405022038917       -1.4414172370110470     
   2.4514565944777904        6.9523359666088975        4.0408603045494988     
   4.1715447377092207       -5.1792439380674269        9.1554156274410492E-002
  -1.2607456472718184      -0.13879761533048229       -3.9138577631640166     
   4.4210794025296583       -2.3037295070350639        2.8973217868670176     
   2.4128017669420747        4.5266179380183740        4.7669196824512321     
  -3.6173272678077901      -0.15176371823374027       -3.0281385379275485     
  0.99247368254933532       -4.8945314389982650        4.2635937013539893     
  -1.4833432848327091       -8.9770163960773370        1.0766739975890567     
 -0.61787509694448584        4.7283142680427597       -1.3577860183908110     
  -1.6175851204574925       0.81435071890179400       0.15931898809650055     
  -4.1393504818515465        2.0283422045132622        2.8518837653282625     
  0.44742623167313067       -1.0709803219181917       -1.8366435469705160     
   6.1069562091768299        3.8470472751287303       -1.4972130159572448     
 -0.42537404008570562        3.8249410231461596        3.4951558411122403     
 -0.97503306676296397       -3.5870627028593214        2.7357169222174340     
  -3.1321454334891667        3.1427544898234809      -0.14487497194344293     
 -0.85450181246471602        2.3224938136718305       -3.8101234477171171     
   2.6515686885831840       -3.1781722286662264       -3.9239832513199140     
   2.6622719695045416       -5.8180422129127418       -3.5852874043043075     
  0.74782236846920846       -6.4224745475321443       0.60916003202093771     
   5.1587497715017783       -5.3820020419559835      -0.21891390806490876     
  0.30953957085125872       0.15046476051000693        2.8139366726748891     
  -5.7155722057446878       0.42112096620697842        1.5964570438070789     
  -3.0038319003001672       0.40782158146737063       -2.2469936215226745     
  0.22223557191915833        5.8713453892481366        6.1903763803621823     
  -3.1372219478310521       -1.2278300120982957        5.3785760266615705     
   1.4545472179490908      -0.98642068245815140        2.2944790364528584     
   2.2238998853726430       -1.5933211662520856       0.36810161430876204     
  0.91034570378876334       -5.7193409485456232       -1.0727796462225174     
  0.47242236935251697        4.4178736629733564       0.22047534841342889     
  -2.9013800223270629      -0.48387703036250440        3.2900912919011129     
  0.12806346948696465      -0.67066509387371809       -4.6916058965975562     
   7.0859891280835168        4.0889674238256601       -1.3562068975741268     
   1.8120307864623080       -3.2404504308461508        4.9390183572706210     
  -4.9559660036274549        5.0113178491101769      -0.47753749726683165     
  -2.5900209904406934       -4.8458329800929807        1.4026149168017672     
  -1.1784865757272629        3.4534526698814574        1.1778099084845637     
 -0.62747417118580029        2.6791281003964387       -6.0083106594576270     
   3.6970676045240425       0.81138311909199567        9.5126238249351708E-002
   3.8829456780258393       0.56816804910736129        2.9577973142263341     
  -4.3197153478520338        4.3695251846036918       0.49373396668311870     
   2.5825719165297096      -0.89048664748804451        3.6849144102400095     
  -5.3776469068808685      -0.84360603441424964       0.27258999800897454     
 -0.44561310636891016       -3.8905461859157593        4.8786010751902396     
   2.6155864415513004       -3.5242931971700369       -1.4244382595644909     
 -0.66524992420573203        6.6073196006409818        4.9003369402408792     
   1.1505756816967920        5.2872762421304884       0.31296741712920245     
   2.4627154531926738       -1.1653721262193775        1.4887560786788154     
  -8.4954093456307902       -6.9451394170074563        4.9254446783791650     
  -3.3814532919057618       -2.9202561585055653       0.61484279023938349     
   1.4183088617773254        1.5172324221524374        3.6343082095429899     
   1.2109789780918581       0.43165660465177697      -0.94418789243693790     
   2.0497773810210052        4.6928958416097695        3.7095898984622044     
   4.5083456420589574        2.7532076466184967        7.4490778960064148     
  -3.7312585819824582       0.10805034187076844      -0.53299726984309037     
  0.89280554488264774        2.2753814654181332       0.86608660623519140     
 -0.92423983380477126       -4.9439173660090390       0.27913821993914156     
  0.43188876892800582        7.1887780839331192        10.796535157566110     
  -5.2514905449069227        4.0996672223520934       -1.0193810289610310     
   3.7966604811330522       -1.8795689215383797        2.3300962302818879     
  -2.6376724866382091       -7.4329983659357737        5.3477480143950213     
   2.4942135461950841       -5.8884789109761204       0.33756204669905182     
   3.0752721477594194       -2.0442229459185985       -2.9882522245243366     
   5.9741677285985970        2.9379068334400102      -0.90268988061466715     
   3.1261959640236703        2.3836296940876522       -2.4054233316582501     
  -3.5324099246301279       0.94170564763042919       -3.0822089379451332     
  -5.4445082034757375       -6.8724162166709197        4.3587488821578058     
  0.53657303063724604       0.83673252635430329      -0.28333001825514648     
   1.5357377188280690        1.3961641375823972       0.55946556385648538     
   1.3276668953044797       -3.9776928098501392       -5.7414210438023723     
   1.1448577048232580       -3.2703657003911579      -0.32281432750985212     
  -3.6961956410174373      -0.81201657103430602      -0.20379400035101949     
   1.6739120273036781       0.47751429013766444        7.3781516749465483     
   5.3749004892769179       0.55886939607820363        3.7898583370060352     
   4.8216229460498496       0.27720145508396049       -3.9234095337659523     
   4.8331952428648775       -4.9613330309128330       -2.0222153863806396     
  -2.0487377895812076        3.0870634237444632        4.0987160268076606     
   2.9919735456770500       -4.0825300912638109      -0.52802094675253120     
  -1.2586533752310418       -2.9584880075937821        4.5091038512481880     
  -8.6065985194221553E-002  -7.7556238067966028       -6.0315367686924111     
   3.6930160388394913      -0.82392018271480028       0.69995655428898973     
  -5.2527739269965199       -6.9753869810713409       -1.6069546077097441     
  -3.5679064395572047      -0.35351897292697254       -1.3189409078381067     
  -2.0975511794776716       0.44280266498363852       -1.2781702587275117     
   1.8048395644751976      -0.26434245766744824      -0.61080224189455457     
   2.1195827782333811       -3.2782347457405061       -2.9499684553217094     
  -2.3672323493512670       -2.1375163636401235       0.58762480875727696     
   3.7662785237047971       -1.3862464606651015       -2.6332906838368446     
   4.1038578394287919        3.3125094326701205       -4.4452490465306740     
  -4.0262717767727505        5.1405856781575965      -0.24168343549109278     
 -0.78321332742538119        2.1350840967681868        5.0829434164058345     
  -3.9864890430289992        2.9475352227922995        2.8151955501223895     
  -2.9112126453439759      -0.13067221056259626        2.2190164372593628     
   3.2674902361412057        1.4204784447869900      -0.44513155700077695     
  -7.0003242843118914       -4.9669629070117365        5.7802032851507690     
 -0.51566205447068747      -0.27800562817134244        7.3179328402737331     
  -3.2880379300169174        1.5745088232128768       -1.4342173275586827     
  -2.1872264307868723        2.0410774240689515        2.4088618207467944     
  0.17113602955816162      -0.11557239429248758        5.2633586086977893     
  -4.7722444527771692        6.8195251784546036       -4.0524193367008525     
  -6.7352836150454793        2.4360207551276978       -2.1256688688358021     
   6.9503423043104311       -2.2427327814394484        1.7766828864703632     
   6.0426151989484502       0.86091814183113813        4.3722013342655366     
   7.3022957283082834E-002 -0.69798389350470047        4.3374375746877352     
  -2.9598380744158685      -0.11402059405621688       0.24424909788964269     
   5.3094007576945561        2.5107666203333046       0.92958794900717234     
  0.45804902004111325        2.6933244239498113        2.8874283077570251     
   1.6618196415012541       -2.7968046522161107        1.9507603261556343     
   5.5303886384159036       -4.6488335969877852        4.3762904868340344     
   2.8421608226238950        1.3862041930317326       -2.2760822337395119     
   4.1036535607799731      -0.52971462866323527       -2.5911551766237211     
   3.0165735260587194       -1.6275130181071304       0.84422074249297507     
 -0.48531106030345683       0.75574670078586270      -0.49358097790383521     
   2.6873804649528057       -2.4246379145771204       -1.1171403077897559     
  -1.8022543205386217        2.5432624675048832      -0.41648268510018954     
  -4.7220722805760627       -6.1706146180893846        2.5210842744711290     
   2.6811883441483402       -4.4786039619584272       0.99141973517987658     
  -2.5982509132240748        2.9424881725530296      -0.98307368440955845     
  -2.5621323912161693        1.1331694207895668       -1.9033229265345148     
   4.9338729292978192        2.5242430807642411E-002  -8.1600912922451210E-002
   1.2846044753012671        1.7326693539672366       -4.3735123358970256     
   5.0638513063539081       -1.2739692995881906      -0.87515761902680966     
  -2.3755606938001339       0.67324688315792869       -5.4948917953814931     
  -2.3171606481678522       -5.1250632729958419       -1.0840302730304154     
  0.88894713014248239      -0.47029698116277574       -1.1905981973428827     
   5.8228033103502517       -1.1288004540086545        2.7170670823561833     
   3.9799925624997484E-002  -3.5223807535947445        2.5257016167278747     
 -0.94531493267099187        1.6789927037468182        1.1426651064988260     
   3.8862522948236036        1.6631745504816715        2.6481164298015902     
   1.9868307534997476      -0.25118721695817398        1.1745546845566763     
  0.55945487501462643       -1.3302038826853824        3.7972782243343750     
  0.58669329250188185       0.99986003383073108        3.0826453303620589     
 -0.67838996515003047       0.46945126814599109        2.6190080830315239     
  -2.8217577185244371        3.6426688158542917       -1.9465272475278237     
   1.7106239481807932        4.4107963083051800       0.13566041291501957     
  -1.9393471104242035        3.2122592518736823        2.8355276127076481     
   1.2943464838044871       -2.4739031203571318        1.1223408655088283     
 -0.22296763846532522       -3.2363733921385900       -5.3140537434685555     
   4.5545362469398789      -0.98599526744761878        8.7049034749047030E-002
  -1.4651939979741133        4.1948556942272628       0.55899534674894702     
   3.1504928288971534      -0.68403728391016150       -2.2836590806641306     
  -3.2696878069664375       -6.3037937767856622       -5.1710650914011964     
  -2.5028721113137817       -1.9637750775675977      -0.38119764429869396     
   1.1139837940319588      -0.31701559181597361       0.83533256072594331     
  -4.7687624672024276        1.8540765557746872        5.7620067407549547     
   2.1706890904839700        2.8574631776086861        3.1823167022130163     
   1.2266362058897162        2.4223821513390980        3.3833580346368519     
 -0.52492435809495763       -4.5839921842814428        4.0753455065811925     
  0.58702232676102994       -1.9639342084293678        4.5139432340147119     
  -8.4115474785467708        1.4554722319238489       -1.9339533100021056     
 -0.11299789216241213       -1.4794813435065268        2.9172446733661372     
  -3.2022299476739446       -4.0607616549949608       -2.7264411562468642     
  -2.5115991374052555       -1.2373144002790226        3.7186441897757576     
  -3.2222123232536255        4.2772824851818294        1.7587651592717988     
   6.0522061201111157       -5.1476545447033919       -1.0241273709713246     
  -1.8066747149781404        1.8180291275782774        3.3253637149619677     
  -1.7118784841088974        1.4133733057018407        4.1761312105568216     
   2.8782381069880518       -7.5907674035470329E-002   1.3935539374607646     
  -1.1065409904790133       -3.7847839487466093       -2.8307005946543300     
   1.2308455821887787        3.3401872834049180       -1.2066201960741363     
  0.89843361165943048      -0.20473634176416958        2.1806163792275117     
   1.6149830929611371        5.4454848677833141        1.1478296964663588     
   4.2954650866138691        1.2678627323644571       -3.5307395117198865     
  -5.8331140835096615        2.3113632709563596        1.8202735027309891     
  0.43968238324151154       -2.8204521062410177       -5.8393091868943072     
   3.2121738779167011       -1.8812736517128663       -1.9487160139099329     
  -3.7916845050145134        3.9943340793409239      -0.29664042713054450     
  0.42285770670047551       -4.1404902845750238       -3.0722186756042400     
   1.1241146574784591       -2.2872598444512446        3.5704325414110047     
  0.93795016066603532      -0.14686688058786640      -0.14521111782147786     
   1.9620898160457894        3.0096536879551472       0.44323852298658617     
   2.3479425088659114        3.7076229434752359       -3.4999275190928388E-002
   6.0965227798384829        5.4003585701142161       -2.3114924360893894     
   5.1276773405236620       -2.1627941637794592        3.7095300713098833     
   1.1028873923203322       -3.3398946133293479       -6.4114991372352508     
  -1.5653810994238357        4.1955007938253148        1.6695347725460365     
   2.0687886559163178        6.2081182603917915       -2.3093502060353357     
   3.6531643162445055       -3.5918157075162429        3.3881916909749950     
  -1.5287425367774297      -0.80634463650000421      -0.15592386395987551     
   1.3652716044878153        2.2765654631133501      -0.88282596292241566     
 -0.94748108544987619       -2.3804109084137259        3.8918197415468576     
   2.8496733898451150        7.5887201653773522        5.5230156335097584     
  -3.4283737020635736       -1.4033910462155064       -3.5418228916634833     
  -1.9918883453818146      -0.23496587927875121        4.0548168519090764     
  -4.7387844021000971       -2.2039773986043820        1.1876607640633368     
  -3.2374054778297330        2.3196819249603164        6.2473763349497604     
  -2.9697142240358998        2.4651983407411104        5.2566524747484431     
 -0.50157231352282072       -1.4190859860882388        3.8056959390017426     
  -6.1653624581347506       -2.8420627879266349       -2.7416168851892069     
  0.91159800402666524        1.8454008312490842      -0.17235633576441908     
  0.30836252131388919       -2.0044869753971630       -1.3927867238749374     
  -1.4543759269159708       -3.1873702067499470       -3.4804683566148511     
  -4.8215405326291743        2.9146021617341478       -2.2459921722465457     
  -3.1685274705682396        2.4202810378699153       -4.8904375510222691     
   5.6528555976581671       0.71255259616205147        1.0479085181259451     
 -0.39755081520270630      -0.60177723241718528        3.2385088718614159     
  0.59386329651543768       -5.6137869349025644        5.0487298829145333     
 -0.50691048335084377       -1.1612918843043456        1.6856634478444297     
  -4.8451999922580501E-002  -1.8578160350816553       0.84823357382415443     
  -1.3735016041878267        2.5345964355823098        2.4005506809627546     
  -6.4359903189307683      -0.93012871898268656       0.25583139651333259     
 -0.90370503337329799       -1.5409518938998956      -0.54280456227153218     
  -4.2363556505434303       0.22119603362144713       0.21848350204192454     
   3.8234490760872668       0.50579582182920202       -1.2765204495510718     
  -2.4294184070969362       -4.8189470660543314        4.0671513089729627     
  -3.1044841551468831        1.6980168512757314       -2.4966597550067093     
  -6.1851494488687617        5.2095875566818295       -4.2172058729609914     
  -5.3331759784257704      -0.58396362271007451        3.7205591950533079     
  -6.8091992746629488        2.0666393856583896        3.5039651836552541     
   5.3548610176780995       -7.3509894550912058       -1.0393334055280317     
  -1.3285576779971400       0.85834116838640140      -0.85060538315725442     
   2.9325390597924419        5.1278881584429455E-002  -4.6574995680158926     
   3.7552179722126557        5.3400220439615529       0.22927287397521506     
  -1.6231770113924708       0.47209911275832139       -4.9666652997603737     
   7.1576722947899869       -6.3051659686022870       -1.2989620439162461     
   1.4089341334445973       -1.4959366447882994       -2.9071859125574795     
  0.19053723338310730       -4.6556222742705806        8.5230309494216154     
  0.17877799228675331       -2.2145978120026122       -3.3939904232910836     
  -2.1874093034821076       -3.5164290646533534        6.8675748017781704     
  0.95090098434916592        4.3199369727088852       -1.6207463902257637     
  -4.7651061367909833       -1.0819596393598605        6.5161619472343659     
  -1.9850911051418341      -0.40828925771241481        2.3723572735014318     
   2.2497076732656152       0.64620031415763990       -2.2687796672359295     
  -5.8670329780912658       -4.1543814738543334       -2.6582709317925401E-002
 -0.11363547262357389        1.5983685981517664        6.6999713430411791     
   3.1182162450101774        3.3545597870859556       -2.2088986604381580     
   1.1937003372908863        3.1702274521747138        4.4163311344406040     
   4.9162523430648033      -0.49511647757006644       0.75676753851805290     
   4.3063239045165060       0.43883232003554429       -3.1128217796955822     
   1.8340700236934571       -5.1092889587841892       -2.1791102980476951     
   4.3189666401031914      -0.15878423026133875      -0.75404784829816951     
 -0.74198320373631177       -5.9318718509590909        1.7936383189647771     
  -2.2085173251764328E-002  -5.2374255275610251        7.7775429878993059     
  -2.0951296987462364       -1.3233179513963615        2.8302549312179646     
  -4.9677796382337593        3.8732504506587762        1.0232830518419107     
  -2.2590195465936151       -3.3394842929364579        1.0547046360515886     
   3.3140315264200240       -2.3679850432554770        2.9519232160205924     
   1.9027262134727398        2.2276524341864046      -0.12689129675596067     
   6.3896407000813698       -3.2513070327329432       0.47995286063521769     
   1.8103764446183648        2.2177674568986046        1.1532299606070811     
 -0.31620182352454279       0.96347749805653393        3.4748553915292275     
  0.83036120163557026      -0.74845046892344935       -3.8508640574839603     
  -4.3677696936388575       -2.5695184728332814        2.1381757150295964     
  -3.7342717800918210      -0.73806064457046860        1.9749470488164633     
  0.12657848037333574       -2.2247688708350841E-002 -0.56171574846355354     
  -3.6115514948417959       -5.1495875036450514       -3.4233712944880219     
   8.0443163624707825        4.6766015275717292      -0.64088408982826206     
  -4.0541383302954923       -3.5122554512339756       -5.6727234166268286     
  0.42524237729684639        1.2109976434174976       -3.0105913098714252     
  -2.8733967505398907       -2.2844198769826689       -3.1502799246588271     
   6.3818925163921350       -7.2087661555777300        5.9220121672529729     
  -9.0344556882599871        2.8804445656303947        1.7728912519598814     
   3.9542390061063877       -8.7152170957280113        1.2973640208844650     
   5.6992399997613203       -3.8889973594740477       0.31123890835700330     
   5.4365469077751598       -3.7907478994723776       -2.0056741856187594     
   2.3807489217508921       -7.9277794916472493        2.3914391554719154     
   3.6640128531116241       -2.1675176770131559       -1.0243130223160835     
   1.9499181083784598        3.0718612552188498       -7.6691644190355808     
   3.8694882491313987       -3.6805627397603122       -5.4904672664142016     
  -3.0377940034815407       -1.2148510811775826      -0.69009699326822371     
   6.0414628269098269      -0.14815726387044748       -2.9414801197361391     
 -0.36653009114349588       -4.1609248055132078        6.9481813259316763     
  -1.2057855947140288        1.5244867948519889        2.6695479949323633     
   1.2587194206884835        1.1011113718567256       -2.5601996750228437     
  0.17110036767457099       -3.7532271272478703        1.0451990326449563     
   3.0472942028204160        2.4678763414740388       -1.3247684009340237     
  -1.8161468852499134        1.5197807631205487        1.5009582825113479     
   3.5560884036118456E-002  0.51104177312154919        4.6053770086322290     
   1.8924575995801491        4.5257228153644684       -4.2030715340852174     
   1.5321916353512792       -2.2981214177718550       -2.4598773612898008     
   3.1079104153898540        3.3400371233574910       -6.6328417924802254     
  -1.7100663101186357       -1.6926186825598757        8.3493574019188513E-002
 -0.25108677977239441       -3.5969259395163955      -0.80481439757211415     
   2.3242039534072014       -1.6258039067473933        4.4107881437743561     
  -3.6543308412445401        4.2044050772364461        5.2574109381184444     
 -0.64872260459631415       -2.5985251891903927       -5.8295030770885861     
 -0.34561159937404284        1.3080109902267605       -2.0078521948659702     
   1.7605425700340671       -5.6162058453017192      -0.47147388026488435     
  0.55513678678508882        3.4857957121629846       -1.9801903863839470     
  -2.2646341249170949        1.2240444876981176       0.68754076584680968     
   2.9328426574417419       -4.3156569490538823        3.7533809692437412     
 -0.67626958632523126        2.1928415529325518        1.9061339111986015     
  -3.6484168990745403        1.6683172928402288        1.8898017829090685     
   6.0600304286479325       -9.0119959008296533        2.0586835672378072     
   6.3127367741608209       0.50967754498453099       -1.6892945237365431     
 -0.16698007826963701       0.76700718936692003        7.4819347965414256     
   8.2232576686059673       -1.1173491509413218      -0.59749552432936981     
  0.34297506694442453       -2.6358600047496489E-003   1.4785121556374996     
  0.76954160522865500       -3.7340033745192409        1.9539196185014118     
  -3.7158692677766703        3.7355729797070003       -4.6290454317279206     
