   4.7865111910700443E-005  0.99807519615355633       0.99808468536930506     
   9.5730223821400887E-005  0.99611649908678301       0.99614261307726992     
   1.4359533573210135E-004  0.99414213607828017       0.99418764255199377     
   1.9146044764280177E-004  0.99217045647785784       0.99223370809092826     
   2.3932555955350222E-004  0.99020919574901667       0.99029495334892892     
   2.8719067146420270E-004  0.98821591660574837       0.98833611289723211     
   3.3505578337490315E-004  0.98617745607341334       0.98634153987956330     
   3.8292089528560355E-004  0.98430697966495584       0.98450956366711806     
   4.3078600719630400E-004  0.98237092474025745       0.98261833150404321     
   4.7865111910700445E-004  0.98045925912432019       0.98074310205562931     
   5.2651623101770495E-004  0.97847812605403606       0.97882073738114017     
   5.7438134292840540E-004  0.97651312715827554       0.97690818410315106     
   6.2224645483910585E-004  0.97451666381770452       0.97498714692840072     
   6.7011156674980630E-004  0.97244489618559748       0.97298259222306704     
   7.1797667866050675E-004  0.97065453206847319       0.97125478061172354     
   7.6584179057120709E-004  0.96911027631033864       0.96973794413797254     
   8.1370690248190754E-004  0.96760509499302660       0.96821987911197294     
   8.6157201439260799E-004  0.96633371253107814       0.96693023985180171     
   9.0943712630330844E-004  0.96478341878737073       0.96532202029359016     
