    0.010939    0.000000
    0.032817    0.000000
    0.054695    0.000000
    0.076573    0.000000
    0.098451    0.000000
    0.120330    0.000000
    0.142208    0.000000
    0.164086    0.000000
    0.185964    0.000000
    0.207842    0.000000
    0.229720    0.000000
    0.251598    0.000000
    0.273476    0.000000
    0.295354    0.000000
    0.317232    0.000000
    0.339111    0.000000
    0.360989    0.000000
    0.382867    0.000000
    0.404745    0.000000
    0.426623    0.000000
    0.448501    0.000000
    0.470379    0.000000
    0.492257    0.000000
    0.514135    0.000000
    0.536013    0.000000
    0.557891    0.000000
    0.579770    0.000000
    0.601648    0.000000
    0.623526    0.000000
    0.645404    0.000000
    0.667282    0.000000
    0.689160    0.000000
    0.711038    0.000000
    0.732916    0.000000
    0.754794    0.000000
    0.776672    0.000000
    0.798551    0.000000
    0.820429    0.000000
    0.842307    0.000000
    0.864185    0.000000
    0.886063    0.000000
    0.907941    0.000000
    0.929819    0.000000
    0.951697    0.000000
    0.973575    0.000000
    0.995453    5.435368
    1.017332   17.846975
    1.039210   17.220105
    1.061088   16.661963
    1.082966   16.175884
    1.104844   15.731573
    1.126722   15.347642
    1.148600   15.027705
    1.170478   14.743784
    1.192356   14.494886
    1.214234   14.287689
    1.236112   14.105117
    1.257991    4.002300
    1.279869    2.451145
    1.301747    2.433979
    1.323625    2.427047
    1.345503    2.420592
    1.367381    2.421037
    1.389259    2.423209
    1.411137    2.431456
    1.433015    2.445839
    1.454893    2.470918
    1.476772    2.497663
    1.498650    2.534022
    1.520528    2.578253
    1.542406    2.626017
    1.564284    2.694149
    1.586162    2.773998
    1.608040    2.870245
    1.629918    2.993440
    1.651796    3.159739
    1.673674    3.366395
    1.695553    3.622670
    1.717431    3.926340
    1.739309    4.259887
    1.761187    4.620184
    1.783065    4.976177
    1.804943    5.301428
    1.826821    5.585533
    1.848699    5.808133
    1.870577    5.955191
    1.892455    6.029154
    1.914333    6.033696
    1.936212    5.992621
    1.958090    5.912757
    1.979968    5.832521
    2.001846    5.777294
    2.023724    5.745145
    2.045602    5.692273
    2.067480    5.633933
    2.089358    5.579016
    2.111236    5.521208
    2.133114    5.457954
    2.154993    5.384315
    2.176871    5.289055
    2.198749    5.154766
    2.220627    4.972294
    2.242505    4.722815
    2.264383    4.415268
    2.286261    4.129084
    2.308139    3.868317
    2.330017    3.638173
    2.351895    3.437426
    2.373774    3.270341
    2.395652    3.136523
    2.417530    3.037146
    2.439408    2.980943
    2.461286    2.963872
    2.483164    2.992158
    2.505042    3.053455
    2.526920    3.133882
    2.548798    3.224590
    2.570676    3.321663
    2.592554    3.424515
    2.614433    3.535613
    2.636311    3.647075
    2.658189    3.762037
    2.680067    3.871607
    2.701945    3.978188
    2.723823    4.070674
    2.745701    4.154767
    2.767579    4.219418
    2.789457    4.265963
    2.811335    4.296375
    2.833214    4.303444
    2.855092    4.292842
    2.876970    4.264197
    2.898848    4.217647
    2.920726    4.157353
    2.942604    4.086050
    2.964482    4.005154
    2.986360    3.919792
    3.008238    3.833725
    3.030116    3.746919
    3.051995    3.664383
    3.073873    3.585730
    3.095751    3.512751
    3.117629    3.447434
    3.139507    3.385769
    3.161385    3.328676
    3.183263    3.279143
    3.205141    3.227166
    3.227019    3.178998
    3.248897    3.130816
    3.270775    3.081394
    3.292654    3.034163
    3.314532    2.987628
    3.336410    2.943765
    3.358288    2.904145
    3.380166    2.870850
    3.402044    2.844170
    3.423922    2.825361
    3.445800    2.815129
    3.467678    2.816419
    3.489556    2.822831
    3.511435    2.836947
    3.533313    2.861247
    3.555191    2.885435
    3.577069    2.913312
    3.598947    2.941059
    3.620825    2.967387
    3.642703    2.992093
    3.664581    3.010286
    3.686459    3.025406
    3.708337    3.031674
    3.730216    3.033592
    3.752094    3.025510
    3.773972    3.013782
    3.795850    2.995053
    3.817728    2.968759
    3.839606    2.939210
    3.861484    2.905567
    3.883362    2.867146
    3.905240    2.823651
    3.927118    2.779601
    3.948996    2.734548
    3.970875    2.689129
    3.992753    2.643463
    4.014631    2.599181
    4.036509    2.554937
    4.058387    2.513243
    4.080265    2.474799
    4.102143    2.437997
    4.124021    2.405848
    4.145899    2.375340
    4.167777    2.348981
    4.189656    2.323333
    4.211534    2.302886
    4.233412    2.281865
    4.255290    2.264911
    4.277168    2.249590
    4.299046    2.235479
    4.320924    2.222745
    4.342802    2.211686
    4.364680    2.201230
    4.386558    2.192837
    4.408437    2.184735
    4.430315    2.177698
    4.452193    2.171120
    4.474071    2.163491
    4.495949    2.159318
    4.517827    2.154249
    4.539705    2.148018
    4.561583    2.142512
    4.583461    2.136380
    4.605339    2.126451
    4.627217    2.118663
    4.649096    2.107209
    4.670974    2.094459
    4.692852    2.080903
    4.714730    2.065353
    4.736608    2.046824
    4.758486    2.028269
    4.780364    2.007659
    4.802242    1.984911
    4.824120    1.960864
    4.845998    1.936672
    4.867877    1.913597
    4.889755    1.888254
    4.911633    1.862728
    4.933511    1.838353
    4.955389    1.813209
    4.977267    1.788960
    4.999145    1.766569
    5.021023    1.743227
    5.042901    1.722407
    5.064779    1.701811
    5.086658    1.682535
    5.108536    1.663888
    5.130414    1.646663
    5.152292    1.632076
    5.174170    1.616772
    5.196048    1.603364
    5.217926    1.590638
    5.239804    1.579160
    5.261682    1.567831
    5.283560    1.557676
    5.305438    1.547639
    5.327317    1.537619
    5.349195    1.528508
    5.371073    1.517898
    5.392951    1.509130
    5.414829    1.499138
    5.436707    1.489114
    5.458585    1.478340
    5.480463    1.467458
    5.502341    1.456812
    5.524219    1.445404
    5.546098    1.433593
    5.567976    1.421117
    5.589854    1.407661
    5.611732    1.394571
    5.633610    1.382225
    5.655488    1.367803
    5.677366    1.353583
    5.699244    1.338899
    5.721122    1.324386
    5.743000    1.309156
    5.764879    1.294654
    5.786757    1.279756
    5.808635    1.264327
    5.830513    1.249750
    5.852391    1.234821
    5.874269    1.220264
    5.896147    1.205981
    5.918025    1.191457
    5.939903    1.178803
    5.961781    1.164664
    5.983659    1.152003
    6.005538    1.139199
    6.027416    1.127131
    6.049294    1.115408
    6.071172    1.103688
    6.093050    1.093577
    6.114928    1.083577
    6.136806    1.072846
    6.158684    1.063010
    6.180562    1.053823
    6.202440    1.043994
    6.224319    1.035101
    6.246197    1.026204
    6.268075    1.018090
    6.289953    1.009394
    6.311831    1.000681
    6.333709    0.992157
    6.355587    0.983629
    6.377465    0.975256
    6.399343    0.966506
    6.421221    0.957929
    6.443100    0.948653
    6.464978    0.940328
    6.486856    0.931378
    6.508734    0.922133
    6.530612    0.913255
    6.552490    0.904304
    6.574368    0.895323
    6.596246    0.885972
    6.618124    0.876638
    6.640002    0.867758
    6.661880    0.858271
    6.683759    0.849900
    6.705637    0.840517
    6.727515    0.831982
    6.749393    0.823559
    6.771271    0.814758
    6.793149    0.806616
    6.815027    0.798402
    6.836905    0.790141
    6.858783    0.782580
    6.880661    0.775157
    6.902540    0.767426
    6.924418    0.760445
    6.946296    0.753305
    6.968174    0.746319
    6.990052    0.739916
    7.011930    0.733200
    7.033808    0.726768
    7.055686    0.720636
    7.077564    0.714798
    7.099442    0.708804
    7.121321    0.703249
    7.143199    0.697015
    7.165077    0.691687
    7.186955    0.686576
    7.208833    0.681291
    7.230711    0.675529
    7.252589    0.670594
    7.274467    0.665542
    7.296345    0.660293
    7.318223    0.655505
    7.340101    0.650582
    7.361980    0.645708
    7.383858    0.641154
    7.405736    0.636096
    7.427614    0.631834
    7.449492    0.627052
    7.471370    0.622394
    7.493248    0.618044
    7.515126    0.613619
    7.537004    0.609042
    7.558882    0.604895
    7.580761    0.600688
    7.602639    0.596486
    7.624517    0.592321
    7.646395    0.588542
